0.184249664532 1.28864476511 1.00536207918 1.02007889503 1.00403572072
0.49425514246 0.866522084728 1.15447655526 0.98230469803 1.00768853813
0.880989160614 1.3546444812 1.04255732644 1.00723817225 0.991630201659
0.58669042564 0.684049730447 1.00166291404 1.05713685587 1.00384196966
0.912107185202 0.868665251102 0.978808246356 0.971751937058 0.993622122606
0.583306987607 0.977221526955 1.06872430265 0.998012413836 1.00170631493
0.168007070791 0.928751495231 0.909908903502 1.00544388791 0.99977618512
0.575319442426 0.889693327481 1.07734173782 1.0197310503 1.00626621067
0.0323642183029 0.977801706773 0.969108604636 0.969874340559 1.00104971879
1.03886286024 1.09127745135 1.00567702621 0.987486146572 0.990302851192
0.755609561123 0.835000247551 0.903972723225 0.967739268872 1.01043164355
0.277795394995 1.25996469639 1.03464900058 0.988253280276 1.01243750926
0.74342570014 0.834678041926 1.05897141311 0.998125660644 1.00475910386
0.280331377348 0.992286794028 1.03218798884 0.993650869278 1.00593699126
0.133661023371 1.00777569416 1.03521524256 1.01391394335 1.01061377828
0.898608199318 0.770378010305 0.906705321794 0.980737143169 0.99619987602
1.55363665723 0.990981299215 0.984792501024 0.982132576052 0.98679999675
0.378887937409 1.10822897133 1.00514023894 1.00013660608 1.00368937294
1.04504872035 1.01794220307 0.921538266339 1.04026916723 1.00323250602
0.152130313508 1.14174293129 1.06674799174 1.02338512044 0.997529457696
1.61469742616 0.972715262065 0.961694142682 0.988910047341 0.996090439686
0.352066688436 0.902230844778 0.981104908477 0.975384762946 0.997545921815
0.126250667421 0.961713618388 0.992483318655 1.00435557128 1.00235999044
1.60024138673 1.18787208888 1.02234204145 0.967985950952 0.994293173669
0.516270545874 0.824072037765 1.02385731414 1.00233633013 0.99879676105
1.04478195794 1.03132011536 0.982001458761 0.998599301469 0.997189015334
0.825859848357 1.18897101546 1.1214402912 1.03359588788 1.00582045898
0.691053116963 1.26340332307 1.03508564999 0.999143838051 0.998769367848
0.189645702869 0.682052360426 1.06358484834 1.03122558374 0.996829769181
0.197954770582 1.44022262424 1.00436810392 1.01200148413 1.00202311202
0.254619299311 0.707271160685 1.08587604511 0.962277962034 0.992407073842
0.0659040261207 0.802736523701 0.895371361636 0.987915687101 0.982485708354
0.611449291311 0.932078163695 0.904196127371 0.980640549693 1.00286080118
0.102276861883 1.13799192808 0.969398046327 1.02924486969 1.01073582006
0.55283243666 0.740652450858 0.912655137342 1.00649748364 1.00306137683
0.476336885992 0.739504410735 1.11387611543 1.02003539828 0.999371998441
0.33144743469 0.667115945213 0.979248707429 0.996738762572 0.987325210929
0.832511953814 0.707271848146 0.948208122085 0.983123013496 0.996657247705
0.143964497023 1.03786143692 0.8873366617 1.00601393319 1.00725068395
0.754744256026 0.739466559231 1.00776165742 1.01817606681 1.00005514061
0.470048032182 1.11658697443 1.06289917115 1.01514893031 0.995519462534
0.706307541975 0.766621828433 1.05318418993 1.01986065791 1.00078377003
1.6999397503 0.876282775614 1.03501720155 0.994966254013 0.990437377641
0.58638523862 0.799639264236 1.05468378852 0.984236914758 0.998967207764
1.23150016792 1.16022851296 1.06907047375 0.968639533097 1.00102005436
1.09216572972 0.944450494382 1.00720649211 0.990151096911 1.01038515887
1.44755671422 0.877940590503 0.944454036598 0.97801198597 0.997100680475
0.411418786985 1.00898427208 0.964452523324 0.956772007625 0.999583963878
0.804806823069 0.998427021663 1.04644394287 1.05620487056 1.00938736691
0.668163108326 0.925836322716 1.07117396187 1.00768333185 1.00635017218
0.18450895362 0.638720325321 0.928244341275 1.03085155108 1.00155954147
0.202243960981 0.703223934282 0.892733934251 0.980373787939 0.990029556758
1.67339518944 1.07764398989 0.963794258112 0.987343407566 1.00618254087
1.82741914831 0.990023306166 1.04834393897 1.02462667556 1.0021444325
0.895466543751 0.914329335234 0.972662033497 0.975640240127 0.99273111441
1.8065108569 0.987519030891 0.910025917258 0.97843741794 0.996198988638
1.16398002308 1.14534994754 1.09764330098 1.0559726683 1.0077421812
0.495299023861 0.491352042694 0.889965488162 1.03028867585 1.00397894976
0.212684497171 0.678786099425 1.02014728501 1.00159993995 1.00081964442
1.08316160173 0.810042287913 1.05398218727 0.997657309417 1.00647468589
0.126627831129 0.788101732159 0.93683598137 0.974699667031 0.991948263094
0.0128734591641 1.34857797893 1.09627864559 1.00685319675 1.01045543624
0.417656473868 0.953723959674 0.962860560101 0.97724788505 1.00798637698
0.367220846826 0.696671423216 0.971922260956 0.989205685481 1.00888378102
0.710290253982 0.915700193559 0.934117913304 1.00256967513 0.989771900191
0.526379837428 1.03205506708 0.795193851549 0.998021963322 0.989632746545
1.11499655764 1.21064622967 0.95062399379 0.980083829183 0.986856750188
1.32607413537 1.06783572976 0.949201033186 0.974018170578 1.00020444824
0.112105391389 0.975124083692 0.991597414515 0.985243513977 1.00123286584
0.120505538918 0.932658117012 1.03391268583 0.974820782747 0.992278959878
1.03065474429 0.716722204937 0.934997131082 1.01498415451 1.01053640417
1.02048334807 0.997912294718 0.876325152055 0.975234066552 0.993576922141
1.93901486608 0.951647337517 0.943486627092 0.979641400986 0.989097641649
1.11439092144 0.96644856324 1.02868151104 1.00114231532 0.999215441199
0.431468847005 1.03339853973 0.963834627553 0.994070260286 1.00405712093
1.300305299 0.962941469362 0.98409509187 1.03379825695 1.0161394469
0.162302151659 0.288614979237 1.01873632854 0.97089914238 1.01434485445
0.757002010823 1.10507754096 1.07913442629 1.03047487727 0.997877101881
1.21608869695 0.951158727766 1.04386539406 1.02435905024 0.994968416788
0.503962623515 0.635996758956 1.01859628702 1.02577182731 1.00136559852
0.204849208757 0.863338127241 0.86582610641 0.975609166335 1.00542969824
0.568724330716 0.620910877584 0.921451599111 1.00582791049 0.992547476925
0.873428076569 0.998523178462 1.028745953 1.01649863386 0.99458537529
0.724677912363 1.07105331387 0.942781925698 1.00631878527 0.992668000959
0.00449618622833 0.401224962616 0.899827633639 0.961756045311 0.999260841769
2.46403153382 1.48385867899 0.991766121721 0.988350625426 1.00154365962
0.307413926963 1.05843009687 1.02291168547 1.00739418144 1.00432426694
1.18274559597 1.37271514042 1.06723815631 0.964949064721 0.983131570748
0.255386212264 0.798754146622 0.979101999776 1.01178031409 1.00783075962
1.60224417318 0.806331568075 1.06081479697 1.02336118001 1.001331787
0.981081785212 0.936907501731 1.05739201507 0.990296982366 0.996096666236
1.65035147938 1.2721913697 1.07681478996 1.01158809685 0.99952076437
1.91811777967 1.05220496292 0.9120915867 0.98438157904 1.00787696509
1.99598815789 1.30784050879 1.00410263052 1.03830124422 0.999842947116
0.109225766936 0.839731796027 0.938270580998 0.994854098677 1.00391639042
1.55480333804 0.972871626693 0.936557969447 0.998537232595 0.987165038627
0.403330364924 1.31766208539 1.0323387829 1.03693439451 0.994933438457
0.845103209718 0.793694326838 0.800033272899 0.965280547533 1.00030357424
0.53422859243 1.18090912295 1.11962132023 0.973173612997 0.992849793856
0.167118059462 1.08905767693 0.953232071 1.01619262058 0.997638018018
0.367768544041 0.697591233334 0.890940207642 1.00382456002 1.00023033522
0.23300094835 0.994438985547 1.04950068542 0.998703439518 0.998046588055
0.856456516957 0.743962486575 0.933942255851 0.974048980492 0.995605478448
0.532908085738 0.981487042576 1.12597310632 0.972233970051 0.999276672679
0.316231625036 0.937182743356 0.915255235563 1.00385099716 1.00649343313
0.535449130767 1.0733471998 0.93501250083 0.99692600648 0.993358079741
1.10841425622 1.1286069864 0.986680969126 0.95780610745 0.988705812253
1.78386294846 0.939151192725 1.02244708605 1.0228041696 0.999215889443
0.816470508806 0.770791876508 0.999296500379 0.992038914477 1.00185183616
1.27989261417 0.751728922953 0.987641355598 1.04425853001 0.997499389129
0.463808874872 0.921519922936 1.02761609545 1.01669832503 1.01303657085
0.288314446449 1.08204965076 1.04923591008 0.995439859681 0.997997963854
0.920022933673 0.858795823737 1.03704846361 0.994299726912 0.99776626207
0.309094130524 0.721141775151 0.965011746854 1.01253999389 0.999952272532
0.831857979696 0.769452157077 1.03630646202 1.02715773203 1.00610558438
0.304681157997 0.867265294865 0.910207845462 0.993574160572 0.99541587811
1.11811691656 1.25063609397 1.07068771642 1.03856811106 1.00271915104
0.607314360273 1.07870029491 0.944155324919 0.977256167703 0.98714146657
1.50672441473 0.927860983317 1.03889597121 1.00148573742 1.00312715942
0.670180171029 0.786056808921 0.849051004491 1.00695989595 1.00797789418
1.48894507879 0.790720655195 1.07018477362 1.02039695952 1.00963107803
1.29557478407 0.947793666527 0.912574358706 0.973552799744 0.999098899741
0.306448932776 0.606607024456 0.932427752936 0.960467022875 0.989644132756
0.523561704014 0.672459337633 1.01646682026 1.01757857412 1.01021698372
0.666062462453 0.826663748067 0.946550600296 0.966213040444 0.99766782239
0.491598743042 1.29303264395 1.05646975183 1.06113162522 0.998329203116
0.529802350251 0.984241817722 1.03345855379 1.05574035927 1.00028311272
1.02493399531 0.939662120704 0.933986183986 0.994255827914 0.994077346188
0.214386125495 1.16623076481 1.01888734018 1.00524285272 1.01866670501
0.378248036755 1.21940996054 1.07864940655 1.01460428034 1.01300483053
0.465300975836 1.13350890955 0.900255212101 0.956236387822 0.990659349565
0.480516086117 0.971525613084 1.10661681122 1.04348790253 0.996330873288
0.665322176642 1.05427940739 1.02722497478 1.0225567989 0.990768798071
0.561023783706 0.709520569862 1.08528289813 1.016698764 0.998933497687
0.180989210973 0.893156539164 1.0495705486 1.00275084714 1.00922930666
0.8330387006 0.839626917133 0.998129157854 0.990619332473 0.997421063652
0.640558727753 0.915717029895 1.02216954429 0.991997468295 0.997703802361
0.616765320589 1.0857012829 0.928248601757 1.00825096047 1.00143110542
0.308303381995 0.912749208616 1.10625581359 1.02739620784 0.997878188321
0.176702015569 0.94008128088 0.949215553453 1.00991795622 0.998128034726
0.971497159989 0.88796677381 0.96477957903 1.0187359614 0.994310330698
0.0684284560061 1.01141908653 0.958376603952 0.976399409368 0.992157877492
0.63507637455 0.784514239815 0.953888024632 0.987420247443 1.00500292466
0.423860089171 0.738382128823 0.995140203522 1.01496791768 0.993884141685
0.857582508802 1.64793612752 1.10041546573 1.00836441608 1.01002443344
2.13006011416 1.21775475879 0.954394645787 0.975793488572 0.989948356373
0.343996491978 1.10444657046 1.09310507537 1.02145580209 0.997186470509
0.0885060897686 0.860476335183 0.908445126996 0.994733743921 0.998004659829
0.376295976838 0.840309967258 1.13857215996 1.01144976281 0.994492366319
0.4190093794 0.749479666486 0.850867514302 0.96829622673 0.989065515497
0.365227263117 0.968489953472 1.02765672901 1.03550479552 1.009273291
0.373889686783 1.28743970996 1.05778628812 0.985436639832 0.991259281612
0.456287639227 0.763951050035 1.0807946205 1.00107912098 0.992371722199
0.986638673008 1.03945851433 1.02229737982 1.01827067403 1.01237422306
0.673859612146 0.873514142177 1.06317064045 1.01168338484 0.997116721971
0.617657240517 1.07401206541 0.894959942387 0.988013005373 1.01382096507
0.455579296427 1.09406464284 1.08297869042 0.980717566523 0.996027326543
0.448319390244 1.05008928154 1.01078482666 0.987979003348 1.00426652379
0.499051096815 0.98612431611 0.986434184405 0.993153827659 0.991597298663
0.833999480539 0.955323742763 0.929649347962 0.995825931775 0.990071635182
0.19039439147 1.15149409884 1.01665156675 0.996677743924 0.999748606879
0.409562692466 0.763133464049 0.959396110385 0.982740027997 0.995028591558
1.73243683311 0.881383771779 0.958080261613 0.976820897435 0.991748103246
2.2115740475 1.37542552111 1.03910495909 1.00029638068 0.98558026446
0.421408846751 1.1129984956 1.04017892851 1.01133537942 1.00640279113
1.04773182796 0.634371942892 1.0914754149 1.03029662316 0.999445543571
0.875272233274 0.82042398522 0.943167745785 1.02132506711 1.00767729085
0.29181708091 1.15879362817 1.08272602964 1.04101989252 1.00084635704
0.343866610057 0.971331486092 1.15278283338 1.01864589899 1.00312741523
0.109485236915 1.21105164916 1.02535762655 0.997049287788 1.00015886957
0.244413677447 1.77418063722 1.27086354703 1.04200671547 1.00325423795
0.730648861106 0.802455208204 1.0327930577 1.01289858915 1.00416478878
1.88869997681 0.860035828122 1.01754812521 1.02489042497 0.992482491837
0.174133663942 0.957706456354 1.00360586767 1.01289635294 1.01518814005
0.770417922169 0.88116792129 0.897599650925 0.984132745908 0.996180802407
0.0771834663131 1.40335904737 1.07611158134 1.0032953781 0.99123081099
0.837776530123 0.741764271829 1.00901423694 0.962995902426 0.991303617321
0.0969191648973 0.841865718937 0.872676371221 0.957382739064 0.992697490867
1.1581860502 0.707403735662 1.14055068207 1.05562316744 1.00293581672
0.30901670213 0.904885750694 0.945723135352 0.978947861484 0.990625089782
1.14070810803 0.89761265415 0.902502473461 0.987908599341 0.995706971955
1.74497598566 1.11140890587 0.969575626097 1.04954855311 1.01185129739
0.716954483191 0.940508170846 0.951724462429 1.02695664389 1.01519098052
2.25190393134 1.30252036196 0.998443705226 0.99315134484 1.00348384109
0.0578377071921 0.992107450772 1.04950378321 1.02215051076 1.00730638065
0.235700175802 0.816071061809 0.911605092114 0.999566538549 1.00616413796
1.26399393652 0.92383860366 0.943963044153 0.991964167106 1.0008111876
0.956884504345 0.929806739924 0.911607638629 1.00669017303 1.00456204846
1.25444449396 0.728302272701 0.983881807391 0.973776122964 1.00083972586
0.355671205187 0.541090441318 1.08388551306 0.970941083916 0.991119501888
0.32569218769 1.20654227248 1.13110142726 0.996275140209 0.989721679544
0.955184009886 1.27674782258 0.969197625736 1.00982357842 0.997496649135
0.440060139021 0.961662573234 1.07630450083 0.999892941121 0.990678677081
0.248577022941 0.802387395661 1.04966007937 1.0202107287 0.996415505445
0.303672261567 0.869135581877 1.02052840086 0.997602003098 1.00249750024
0.156804553723 1.05342737066 1.02603890939 1.05396369028 1.00652082309
1.11050497762 1.40458065587 1.10490113787 0.997347329199 0.996092775204
0.948829923712 1.15842426114 0.982069442235 0.986909081417 0.994478838497
1.52671352179 0.964926614952 0.938693089951 1.01472776475 0.991835035111
0.56051907207 1.05449208779 0.87608880462 0.974200553692 0.991956121538
0.0733390520916 0.438581480437 0.859738952201 1.00157718019 0.99512538966
0.413736824185 0.89434015747 0.97747024589 1.00787602933 0.992905930051
1.34566967438 0.852114155493 1.07201653962 1.02289535201 1.00362449571
2.05229853404 1.26066882867 1.04495439576 1.01306507577 1.00066217547
0.725059345214 1.07185915649 1.00608981254 1.00373367625 1.00491897669
0.396472306166 1.29389153882 1.16003674345 1.05854337068 1.00867622174
0.745001862668 1.01995332814 0.986944146176 1.00798608833 1.00753919566
0.173792368078 0.73805348816 1.01221531814 1.01075209184 1.00379776802
0.786821086921 1.26068630765 1.06569613388 1.0351325446 1.01117918583
1.23612735838 0.752719061989 0.927395958947 0.95659176782 0.992815558531
0.554913237555 1.29004391041 0.968950445681 1.00347951457 1.00068033621
1.25433700841 0.818531933164 1.0770924589 1.00355068159 1.00025196113
0.58057486909 0.60275962467 1.06582255022 0.967754969923 1.01288901872
1.45846713948 1.02154428857 1.05755114618 1.02131670109 1.00565110802
1.24129275213 0.831400194522 0.92790435408 1.01441318313 0.99768438538
1.00283843094 1.15718049727 1.05432340117 0.976177420181 0.999680800104
0.0789636427059 1.11280525365 1.04071069429 0.991135983503 0.997811536037
0.652609775514 0.900340783752 0.975306286494 0.997586278455 1.01022287631
0.0666120751779 0.963526618379 0.930622073235 0.998130341329 0.994937383178
0.572670683551 1.08096655164 1.093935464 0.98762932149 1.00210695958
2.06784569161 1.2908657908 1.10524784703 1.01366014739 1.00264982256
0.282157394887 0.871759291807 1.0274217011 0.964936624198 1.00882510356
0.316062199098 0.829121523908 1.03349262213 0.995975464947 0.994558778189
1.54034468146 1.50911419601 0.984122311589 1.01386078464 1.01008156652
1.23176560813 1.08079360397 0.977318963665 0.980338463264 1.00316238446
0.963345896186 1.36782700975 0.973156951793 0.984941256981 0.995239370376
0.865166048839 0.796261448983 0.962263333476 1.01626738656 1.00429837402
0.543408491993 0.684043318152 0.859376573609 0.96334376761 1.00907800446
1.03129602548 1.41554020139 0.93580861087 1.01648637113 0.988390647733
0.533064804927 1.03946585895 0.913763191923 0.99308800762 0.994526090967
1.06092692347 1.12373211917 0.989714929667 0.991038863371 1.00731628342
0.381596922203 1.1591240076 1.05840649279 1.00020314203 1.00359576167
0.100436783431 0.699619131326 1.03085850897 1.00497163777 1.00062730075
0.981882736972 1.14012966504 1.09527430083 0.986917851946 0.993755607027
0.744443071026 1.25162913009 1.07077156035 1.02376316782 1.01316510164
2.40724332817 0.991218213172 0.955981655513 1.00740962207 1.0050167572
1.21239585264 1.52690234226 1.00667227064 0.995415285815 1.00693490703
1.00816953467 0.80455749722 0.889544536636 1.00498036835 1.00784464304
1.32689017463 1.07367377667 1.12898072051 1.01592538646 1.01137201814
0.981822296588 1.40049847766 1.1006410134 1.0018415934 1.00563611824
0.441159656525 0.591349658722 0.900770730711 1.00202287769 0.993520785686
2.05264909693 0.97653820723 0.965338759471 1.02254645287 0.999929154647
0.523133027932 1.01337979864 0.917299475075 0.980871338142 1.00011127539
0.562941304698 0.825446490686 1.19017651653 1.02030927282 0.996876510708
1.37205648013 0.871671597137 0.902820240042 0.991783466379 0.998703087397
1.68967676581 1.26921208079 1.09652875066 0.99287552578 1.00410021801
0.493269728928 0.789915434075 0.867452231966 0.983436380056 1.00006077508
0.529231533143 1.10991977823 1.08265487969 1.01425939179 1.00238184677
0.419648606984 0.84758974789 0.994074358797 0.990867029246 1.00395822174
0.630207026035 0.954277269901 1.00682354119 1.01457187388 0.997147517955
0.103596219681 0.802114857178 0.932200235793 1.03513280728 1.00870401934
0.924055278308 1.06669655317 1.14036794618 1.0618594471 1.0053236495
0.0676043274674 1.0021246362 0.935615586846 0.950790655656 0.994850787181
0.415256937985 0.589442315057 0.960381932624 1.00029186644 0.985050409465
1.23613166112 0.827044535062 1.04966181392 0.992900793977 0.9930408056
1.44718618184 0.976511179346 0.967535266211 1.01180560643 0.991657272237
0.606387414987 0.833263074983 0.918963923928 0.994797070983 0.995113066142
2.11320171345 1.07637929239 0.910809230604 1.00135817245 1.00260859849
0.0790331282047 1.52907072006 1.13807409753 1.00908216269 0.999372960184
0.176286611181 0.997455580736 0.912928360535 1.00019565363 1.00530199091
0.867239154788 0.96291381773 1.02064575975 1.03848503914 1.01133202546
0.311302027511 0.78285554677 1.113372421 1.02772222985 1.00254799999
0.0691684153717 1.20429475569 0.969173174265 0.994659820617 0.998805938489
0.192969032128 1.22813230082 1.06931676565 1.00347453941 0.996888459493
0.00840703514877 0.78484133241 0.897146565133 1.00587670213 1.000472514
0.947900532257 0.983570035451 1.01584783977 0.995498799206 0.998222006678
0.107967538104 1.18547153381 0.857743793189 1.01284709903 0.998795424022
0.144945479672 1.26317665383 1.05188644369 1.00722272841 1.00222689332
0.445228379067 1.32122839895 1.00727290608 1.01407190784 1.00330923278
1.54520827001 1.15828789214 1.01853049796 0.991467911162 1.01056893766
0.885065425974 1.07096038179 0.985087034267 0.972989377566 0.99071630063
0.48178285492 1.01598850324 0.987691678547 1.00015627234 1.00132050526
0.0248581021213 0.752133787995 0.94763451482 0.987212853498 1.00622181073
0.358075850632 0.769021432408 0.911558226087 1.01239305545 0.989904573543
0.482552094544 0.720541106842 0.925451804271 0.979302577396 0.991648276142
0.840126630808 0.98894003323 0.998742170309 0.984156085711 1.0017170408
0.98410142568 0.745990760375 0.932937791826 0.996169675728 1.00436652181
0.485709091353 0.999601171569 0.962230074611 0.994169282188 0.994991157489
0.406678426269 0.809187839799 0.945358744424 1.02366075173 0.997228352162
0.124204818608 0.857012942613 0.892122983206 0.978590790943 0.994949971442
0.343387476013 0.708814703793 0.857030820583 1.02681221016 0.996086825703
0.458729012551 0.967596848392 0.995639172496 0.998656248428 1.00434778282
0.230908954026 0.747000828286 0.921427454478 0.997249516911 0.995696007553
0.440975267155 1.42252452739 0.943004779621 1.002683922 0.98566616067
1.15569523039 0.722325196607 0.928903766663 1.02281697763 1.00137673457
0.423534916215 0.950616235214 1.03031622154 1.02216808717 1.00320861356
2.25727306375 1.24151931463 0.97430697578 1.0583279169 0.996110227753
1.46103732778 1.05275567832 1.01876121515 1.02480813055 1.00874886054
1.50486867874 0.916253035297 0.9943560322 0.99591485408 1.00175004575
0.433170593571 0.750560052179 1.00579713402 0.981325582644 0.995078847524
2.32026398149 1.16282905483 1.00092018989 0.979343165149 0.992063124415
0.74860369242 1.25493648575 1.00263054347 1.03167123963 1.01144696798
0.703060050673 1.06489383481 0.915599998102 0.98934395578 1.0072827703
0.305628333012 1.04201658095 1.10796192706 0.995709532105 1.00458443056
0.190692232115 0.953991989873 1.04376399912 0.95248033911 0.996790510149
1.24325434393 0.789369183741 0.92429822021 0.983577555051 1.00052250053
1.74765989023 1.37067228189 1.00666008605 1.00770186598 1.00078452107
0.488152510394 0.88904540748 1.05040656586 1.03410639511 0.995771342751
0.621539585 1.41302785585 1.02962651017 1.0259038719 1.00070453633
0.323923302059 0.490227227658 1.06057989333 1.00358869292 1.00178332375
1.81209809753 1.28880667969 1.11275773341 0.982086979063 1.00044284008
0.15036987036 1.66703970889 1.0906549048 1.01831307437 1.00410889072
0.616566911024 1.07163642013 1.02725574117 1.01336290161 1.0016509511
0.258563351297 0.691355373673 0.817691937217 0.995454017926 0.993580815387
1.62558970161 1.19771032528 0.933116007785 0.981531634605 1.00303409517
0.59278166024 0.966187774251 1.00238949011 1.00926923307 1.00385289697
0.163168632486 0.656468643061 0.963556702974 1.0560095139 1.00437282696
1.77960450181 0.685982443994 1.00010558705 0.99070481602 1.00295220194
0.211267945728 0.647254098116 0.962898236082 1.01585810105 1.00927437626
1.5198586834 1.08024660779 1.05237224292 1.01943326084 0.999714916598
0.929325494926 1.03445497561 1.05996981862 1.01053796943 0.987634690976
0.158607466725 1.24972100229 0.995110168491 0.962365391264 0.978449855973
0.653089176107 1.07365396931 1.116219614 1.05346687042 1.01919999426
0.921704602138 1.00319771042 0.898690434073 1.01099595965 1.01526816818
0.452998231579 0.971636537283 1.02618255523 1.06733078769 1.00044405104
1.3608240157 1.48321127303 1.17448143272 1.01268343083 0.993363298401
0.0643938533351 0.79660795367 1.03797642958 0.985698157934 1.0074866313
1.63909817016 1.07936251111 0.974291132612 1.01702843233 1.00112768997
0.41081032935 0.756515026422 0.966910930146 1.00017861423 0.995118711593
0.68151530563 0.80714722425 0.972365003453 0.99213761973 1.00341165492
0.312076881868 1.32111104938 0.995718506267 1.0015142412 1.00217807604
1.08414411777 1.21601616573 0.941631705129 0.936221565554 0.996415815226
0.695481667164 0.808351420533 0.918765060964 0.995836884418 1.00565365057
0.367384075038 0.268412594261 1.050818632 1.00163249088 0.996422474295
2.10256520675 1.05916018492 1.04525604255 0.988457719914 0.996292037686
0.978210476352 0.925765569997 0.962727246001 1.00014721398 0.998126910776
1.5619129595 1.0129381619 1.08487442554 1.03735441926 0.993019903729
0.615532119397 1.03740330952 0.96711605448 0.96419115619 0.995490981793
0.594047799432 0.570947765541 0.989761173847 0.970278079295 0.99997632701
0.745620225784 0.733959686565 0.904538777647 0.983918762753 0.997468168057
0.658198947059 0.912695305147 0.969388772499 0.976250618452 1.00145875909
0.526610414318 1.01863174949 1.00212146268 1.015847845 0.992551765789
0.134863887308 0.995037259637 1.04996010428 1.02309912272 1.0016770881
0.673388869262 0.863133032064 1.00518987648 0.978511912891 0.98460058608
0.60267345828 0.855067340248 0.965080828729 0.960887010451 1.00259738839
0.171596636569 0.978170458487 0.998710058549 1.00000898971 0.993105004453
0.841624306161 1.13592458962 0.973147180399 0.978264144834 0.999767144156
0.866578995857 0.895844809097 1.07027233954 0.99538023899 1.0015086607
0.814112505805 1.07574632403 1.17239309462 0.985836112067 0.992831958712
0.0277931119362 1.09049400372 1.08698354436 1.03532702526 0.998774144522
0.522622806003 1.15130696409 0.870370249064 0.970411190903 1.00129852342
0.354937586214 0.908895799883 1.05367955087 1.06994216847 0.985880836743
0.853384394698 0.948053816093 0.882088281226 0.992527360115 1.00986006982
0.832316125339 0.866037608641 0.995343044008 0.996461072335 1.00227373867
0.867374380011 1.20462024275 1.03819626524 0.992739989591 1.0100084063
1.10089222816 0.872892791685 0.914005240511 0.958245956671 0.99764645128
0.854271706575 1.00699249031 1.04025861284 1.03163116046 1.0046447787
0.503140061808 1.15407396611 0.96684480186 0.991859990964 1.00285339396
0.518863471128 0.444513655896 1.0467310838 1.02246930688 1.002425046
0.158975464033 0.838381194702 0.994975090609 0.990670029162 0.993635579383
0.264864428638 0.568000474652 0.994326322342 0.978738631185 0.995906661338
0.582577641624 0.953040604255 1.07622920353 1.01107243617 1.00185678782
0.754893740891 0.902284000925 1.01705164194 0.965755919815 0.989119127391
1.23990128124 0.744986962959 0.979660482274 0.97280473666 0.998808348403
0.11346944682 0.748656447495 0.908879809651 0.996951306208 0.996678734207
1.43802475082 1.14559790306 1.07729562843 1.0003007715 0.998113895227
0.769625301263 0.830240391385 0.914003315922 0.962688071195 1.00033135629
0.394890130272 0.969777060396 0.921170462003 1.00642506236 1.00200670668
1.3019431125 1.11471460128 1.04047531996 0.996148287723 1.00262346356
2.12390807252 1.01720095262 0.986205273558 0.992239224146 1.00425447666
0.0153022020249 0.969018607592 1.10302789879 1.00309555418 0.993076198647
2.32064794156 1.05751694568 1.02589773303 1.01623410122 1.00708444546
0.581347374759 0.849579068639 0.86930942055 0.986476832367 1.0146219277
0.299601980364 0.930940192487 1.07077537885 1.00873391218 1.00422389397
1.62803491337 1.12508478307 1.0067946882 0.981226200791 0.993729477053
1.16754472476 1.4518041784 0.944976154344 0.998494586535 0.995481424939
0.481668625189 0.942872654326 0.978941857996 0.970591052543 0.995038799977
0.938063797358 0.802195741872 0.939779129576 0.984274866171 0.982307359929
0.246274952596 0.863086671339 0.971650167068 0.961720114481 0.999030843795
0.790420094892 1.10191381553 1.03981446693 0.982991454753 0.987539310676
0.83468110317 0.882002749108 0.993168074676 0.991661545371 0.994879843568
0.651504298356 1.17025165686 0.966285718057 0.951050811204 0.995311563579
0.965991705537 0.996119756093 1.0608101096 1.00442883615 1.00885464143
0.174214840116 1.13697466695 1.04882606039 1.02230244687 1.00059853929
0.12706040135 0.851686457144 1.01008600835 1.0072946759 1.00709724381
0.599638405887 0.886221432046 1.13026033933 0.997178662805 0.999084949326
0.120294015961 0.811268481592 0.996476553582 1.0140222365 1.01074788174
0.545059826146 1.24747761357 0.927028204343 0.994902457304 1.0114727849
1.72693050231 1.22555377731 1.0296069469 0.980912391919 0.996620108589
0.316110254997 0.994909492468 0.98119753459 0.949190033267 0.985185433427
0.284633878149 1.38456789127 0.991767092368 0.988562515692 0.995834984959
1.43241071437 1.15829593316 1.04810925579 1.02914704619 0.998908206614
1.19475258188 0.877520997202 1.11065448069 1.01282009201 0.998134174896
1.4192527845 1.05906864181 0.848141924385 1.03367813053 0.999196386942
1.57416520062 1.0371269507 0.909415082878 1.02239840393 0.996448430651
0.885115481139 1.28536279937 1.06967398034 0.998303141484 0.999601040619
1.76304706569 1.26021094236 1.0601138473 0.989620202932 1.00972092318
0.0269162233213 0.911903146474 0.891926371466 1.03080421635 1.01355387053
1.01198546046 0.82673317303 1.02820320957 0.985656010169 0.996642353405
0.740491499307 1.06859649869 0.925510007592 0.978817913072 0.998391376219
0.437018733657 1.42338143966 1.00604292235 0.973572677886 0.98679124767
0.217042588405 0.964116367657 0.932207872499 0.968095368061 0.997399764332
0.531517788485 1.0532570847 1.13773424634 1.0269522774 0.999914341476
1.71553869778 1.4093852239 0.99704187747 1.00457629086 1.01302810095
1.02675114534 0.965035979672 1.00309053816 1.01597266243 1.00457303863
0.631479226202 0.959512852592 1.15324699212 1.0385364775 1.00948104039
1.33376533581 1.23453274471 0.966235752939 1.01701714718 1.00126662285
0.10055120041 0.730459903645 0.891063631716 1.006837192 0.990890697973
0.112780353705 0.666400170643 0.939388847335 0.996283248508 0.996150649142
2.28781928496 0.948350778543 0.938381449447 0.945626170796 0.992024017275
0.589100920369 1.13122504554 1.0690639622 1.03258296083 1.00689256791
0.864159642703 0.748584792769 0.956600248095 0.99591793277 1.00071495761
1.19391076684 0.875154359629 1.03475733871 1.04008491613 1.00600496856
1.72299595078 1.04194021319 1.07060845608 0.975135858218 1.00082623307
0.62418233722 0.907394000717 0.985682167789 1.00523342806 0.995105521793
1.01239061927 0.722896196194 0.960972226298 1.0101794137 1.00519836209
2.10466299554 1.44667354453 1.0643020971 1.01343155025 0.995459534529
0.880572238757 0.889616575435 1.13922712481 1.02672536694 1.00296496766
0.203543638016 1.09569670915 1.06033514483 0.984455941995 0.992027250544
0.918180880491 0.935215432599 0.974830084042 0.985236430945 1.00554786168
0.201863109046 1.42410521923 0.963426057683 1.00736555397 0.999688929765
1.29969461874 0.972887512353 0.997018333507 0.994423287412 0.99480356611
0.226459549981 1.29628134774 0.967215169456 0.976034949006 1.00118961958
0.293369297675 0.945722444402 0.967341657859 0.974405020777 0.995105663249
0.263572422479 1.11173301779 0.96450389174 0.975805655941 0.991420527326
0.984588048676 1.00616004147 0.948757505953 0.969108472741 1.00286962949
0.218560066317 1.0674507095 1.05629899489 0.971481420221 1.00551170402
0.0247393840455 0.904115804017 0.998916945843 0.968761644647 0.987762378232
0.572838904133 0.486053265113 0.923555121182 0.941469707788 0.992991813822
0.230269734522 1.29176966414 0.941199493191 1.00717327276 0.99842310161
1.15512654483 0.874379583633 0.917159362603 0.999851559491 1.00400661665
0.392734088785 1.03349358358 0.946488563378 0.988601558375 0.989307851944
0.195469297171 1.08627390756 1.14206348233 1.03523210736 1.0139019657
0.239106180426 0.924688295576 1.06064306077 0.989465780512 0.993594629163
0.00331740110625 0.725565804674 0.840014853943 0.945758664627 0.997179048859
0.0713147695501 0.769959165947 0.943438502486 0.988612372786 1.00520230439
0.392560589115 1.01663477597 1.07315628682 1.00180338796 1.00855632432
0.812007726352 1.0503070116 0.902497376724 0.973312922608 1.00472157097
1.08262101495 1.33963972931 1.05347295773 1.00298659702 1.0074272236
0.935181261815 1.14410402684 0.950348859377 0.980262790325 0.990174803743
0.53344629043 1.32135850402 1.0755806452 1.02560730131 0.998799083067
0.319141922397 1.05480614696 0.928596548168 1.00920420379 1.00730109139
1.03939766494 0.750594905027 0.97575090069 0.997513000887 1.01130850963
0.722599648975 1.23989657707 1.15182982964 0.963555936056 0.985260766719
1.35128044927 1.11476054481 0.957832071297 0.988270038178 1.00478531725
0.933062852329 1.34197473094 1.06831492481 1.02015898201 0.998532002485
0.301568046277 0.951032593059 0.944677442918 0.989235742685 0.990358483955
0.130120640413 0.790771973074 0.924101506973 1.02258037437 1.00118719761
0.357225541411 0.773927665049 0.999002283518 1.0176641378 1.00309994237
0.697624161719 0.931534898292 1.03775597615 0.994460310762 1.00195199852
1.35901894272 1.30354006577 1.01279872093 1.0094280932 1.01135910081
1.62351645691 1.30106407928 0.966961190074 1.00715426256 1.00141387184
1.01926700731 1.23816459969 0.976594963671 0.988391637476 1.00094755764
1.23772258227 0.537157882797 0.981594009697 0.976095319719 0.996225706357
0.161519230084 1.19571823871 1.13009556233 1.01478346139 1.01290005818
0.38758020737 1.06075657449 0.944299306436 1.0124823471 1.01070448279
0.710921316003 0.913038508913 1.06610912415 0.994745363939 1.00421222483
0.979540339361 0.921125472656 1.08927869004 0.995829856516 0.998273261865
0.826901337776 0.665551114904 0.961600468271 1.02142216737 1.00532328521
0.316080947878 1.42160781613 0.923496496564 0.967278664221 0.99449794763
0.0477601504528 0.812530227188 1.08645479817 0.998147597946 1.00559645606
0.511161199496 0.68452538609 0.96887881395 0.978564685432 0.993584854356
0.458139461753 0.766022350181 1.07167835812 1.03021956406 0.988309569317
1.24433949223 1.10101044484 1.07662475579 1.03467532849 0.995432441191
0.606151361561 1.33086163587 1.05667429535 1.02921426538 1.00733523393
0.0554536089908 0.818495257831 0.996099920407 0.971122226247 0.991360669176
0.246600392265 0.697281696149 0.988221598589 1.01013875938 1.00933610825
0.297390081229 1.0169907976 1.04401916412 0.967545183902 0.999425788963
0.624623896815 1.111624285 0.934928559446 0.996959293083 0.991839548643
0.394370999542 1.19316153577 0.973027373749 1.01994839807 1.0043274546
1.9406024652 0.977254821757 0.854573387901 0.990830107427 0.993670108314
1.59208126337 1.51642411535 1.01673197903 1.00696139803 1.00898761414
0.364296995963 0.87890464 1.08101261176 1.02301664602 1.00233751801
0.725931684201 0.987224223555 0.982404261773 1.00557285758 1.01988899238
0.572251652023 0.763897841049 0.950801491837 0.98528470878 0.991842801361
0.154574981072 0.897671300087 1.05845738079 0.984649204005 1.00118326204
0.758075176179 0.84574782896 0.885880771565 0.990699295083 1.00652978941
0.169676427787 0.510523908604 0.88342846205 1.0026787939 0.996661313289
0.0642080410091 1.09389232314 1.03361956705 0.999816083339 1.00385724094
2.02346511653 0.786171665261 1.05973790954 1.00097966684 1.00286051321
0.582006160952 0.579751399355 0.996475570133 0.98498636578 0.997396389344
0.761152820073 0.98730998934 0.998576418219 0.956358991002 0.997783663514
1.12961750206 0.780570829363 1.00609914184 1.01727430836 1.00224973261
0.0635746697902 0.677216778545 0.933726207209 0.954439894699 1.00265417357
0.27515154 0.793005649312 1.08674316634 0.988404988329 1.00029456608
0.383034102316 0.699926129075 0.989132233567 1.00415979682 0.993246461408
1.35437160419 0.848022409211 0.986965015522 0.967964220454 0.992389136009
0.389804682319 0.726605355029 0.953661205052 0.984972466846 1.0023213831
1.39737154307 0.910524572775 0.947808416522 1.00426796987 0.991570135468
0.816448372006 0.631785208583 1.06518008876 0.998040950063 1.00966673361
0.00392299315547 0.940604872029 1.00126501154 1.00118753833 0.993461153663
0.688097421656 1.11992373054 1.05287054016 1.03510939813 1.01123266315
0.509508352748 0.645013914321 1.04368796311 0.979775597875 1.0000913771
0.609389982025 1.18566346036 0.963746031362 0.99000609796 0.997519513332
0.076906834671 0.734982716504 0.9507234319 0.954646506915 0.990673121145
0.124909288175 0.865542340396 0.981088506601 1.00580707091 0.996898987722
0.0708853837711 1.03235620275 0.948689815213 0.983255550566 0.988613003782
1.6784971758 1.14750692126 1.00808122412 1.00547031278 0.991796321393
1.11356453932 1.01561218307 0.986790690791 0.980530105818 0.988202568762
0.409566999152 0.909020650152 0.886975102848 1.00947001252 0.992699610207
0.901654396139 0.994038956775 0.945344313994 0.976711228179 0.99683577033
0.193352589953 0.781655272003 0.988987134014 0.971577395074 1.00631198571
0.907929418178 1.0884197524 1.04632473647 1.0000372249 1.01931203957
1.57280902258 0.85060216085 0.959987941549 1.00623870561 1.00256557244
1.2146789388 1.04025123808 0.974962645752 1.02284286307 1.00565356854
0.963299184192 0.87575050327 0.89389254158 1.01392399391 0.9966078464
1.19581324701 1.21584817765 1.04006482787 0.989805942601 0.99615640415
0.741656593482 1.10012925994 1.0548005089 0.977412469913 0.991977199637
1.68525736125 0.943144805977 0.940447930791 0.998939824143 1.01384615387
0.689313540283 1.12054865594 0.949896786386 0.982466163771 0.990923957652
1.27175773368 0.901070318707 1.01032968671 1.0304856615 1.0114714892
0.445641403396 1.14130945672 1.06650309803 1.02015261312 0.995702135601
0.801059818393 1.3906379079 1.04931765346 1.00888507881 1.01262745988
0.552829168703 0.83853355493 0.93845505996 0.984321505701 1.00137669145
0.0968346997579 0.743645834037 0.83484253069 0.989198866369 0.990198126564
0.1774181219 0.805213418605 0.849936537074 0.995838742533 0.991379914823
0.54238935149 0.906629200675 1.00786161091 1.01211144324 0.996339288329
0.154227837077 0.76679436567 1.02583556822 1.0142646428 0.994332567129
1.03419365032 0.812840594566 1.02300106963 0.998752605135 0.998841226659
1.08012967687 1.02599833639 1.09550764209 1.07336363728 1.01084891232
0.918205055741 0.963726468344 0.980108749773 0.997082071158 1.00392305991
0.184037282979 0.80209147043 1.04523760957 0.996963201381 1.00438573189
1.25032191782 0.896232349666 1.0270265507 1.05069819609 1.019870448
1.93823329773 1.30089356193 1.04073477416 1.014703099 1.00347667668
2.4056403786 1.23452302572 1.07611227046 0.969934768246 0.998466447808
1.54299568972 0.745789873273 0.926006377983 1.0029712575 0.985982948213
1.1802353748 1.00314679899 1.02049667045 0.996382462217 0.99520635694
1.84605990246 1.01300352517 1.04995700668 1.0171413051 0.999440137113
1.09359981891 0.675413820285 0.965907612614 1.02023598372 0.995624125275
0.170270222134 1.13728163291 1.1632047091 1.00429312289 1.00537262362
2.18836690779 1.05415180012 0.973742421058 1.02563000118 1.00036860135
0.144739542064 0.627985562071 0.980624137922 0.966082558793 0.982630170022
0.558413902885 1.21280454546 1.11680243572 0.999887849715 1.00250903791
0.253288619096 1.04179972205 0.952516103105 1.01706615876 1.00443244231
0.36970199424 1.01639658451 0.957462960819 1.02751666927 1.00051192338
0.236528886992 0.897053240249 0.903227286066 1.0480633507 1.00832629118
0.90188636197 1.163221191 0.983749634242 1.03676508958 0.999656929579
0.742151135362 0.998489093008 1.05830866328 0.996550351652 0.992160837524
0.147233617673 0.654262249296 0.978713683023 0.985883843838 0.992488790771
0.850736293977 0.966239531826 0.968493163914 1.0272755786 1.00126756078
0.687712126059 0.826579802993 1.01712319358 1.0118900363 1.00022932461
0.292299772503 0.777157624216 1.15893681026 0.996843397116 1.01066779761
2.65128098988 1.3352390506 1.05150666936 1.01297535225 1.01625583835
1.6792820453 0.98078986376 1.06728397411 0.990247095277 1.00061993741
0.857200096007 1.21316171557 0.945223730296 1.01646957972 0.999677838925
0.293591272873 0.9557648659 0.977030426376 0.999075233805 1.00345762898
0.824926920341 0.866564260042 0.947972377277 1.01260609633 1.00826894768
1.08174341297 0.999869264698 0.959638286439 0.976039987883 0.999028959978
1.06659870926 1.07260646782 0.912910582151 0.98248542914 0.998223233539
0.214954730301 0.611051156742 1.04994861364 1.01859299321 1.0063595227
0.556708612265 0.568214384284 0.850023713734 0.987079767484 0.99833608495
0.386793323182 1.05937961901 1.10658942369 1.01649916138 1.00244433375
0.258250950144 0.576573776094 0.995416098526 0.99349363652 0.988409653649
0.278325364341 0.78657216986 0.999457963098 0.993435152861 1.00005211348
0.578544479813 0.549453805842 0.935427622827 0.994168102149 0.998946556737
0.0764356877188 0.635826723644 0.843992245789 0.974394336216 0.999257365715
0.25468315302 0.940648880619 0.922734173444 0.979350378681 0.991991974374
0.246995980351 1.03391732489 0.997193655252 0.979773375524 0.999391020541
0.480905601994 0.513451311657 0.993380219614 0.987399996494 0.987905560048
1.45441007572 0.703257128376 0.946965016442 0.995368796294 1.00204178316
0.627653633328 1.1962698806 1.0203353084 1.0514052213 1.00147148902
1.64045101609 1.17676780681 0.988837692274 1.02303161753 1.00235151896
0.920197372765 0.863836781269 0.825704693743 0.992909959479 1.00699102028
1.3311270341 0.795355178355 0.953774621808 0.984625385811 0.999826068016
1.13150160939 0.830041976569 0.884644760568 0.987031728482 1.00016651684
0.184907780984 1.08278297848 0.969027576497 0.99545648096 0.999864557013
1.32788249942 0.786369854925 0.991573245955 0.975760277184 1.01019845463
1.01304916108 0.880133482831 0.961444196737 1.05063881818 1.00850651638
0.339366656606 0.588523203019 1.01028291595 1.02431781972 0.990592880222
0.840051103719 1.11347225097 1.131082932 1.00086082903 1.00737344418
0.0195677561385 1.18627597717 1.1187577097 1.05323182507 1.02250211089
1.87950131788 1.06654231375 1.02068835244 1.00273936184 1.00736738538
0.433866652622 0.65918943437 0.985279395017 1.01073131298 0.994026087135
0.899101154076 0.753877542551 0.964963535658 0.955370239035 1.00356799639
1.14498697463 0.98576837006 1.11592910926 0.998227255218 1.0009866409
0.52248777487 1.05614584362 1.15144992488 1.01911273455 0.995853982439
0.346052680031 0.943221544672 1.08289305649 1.02997905534 1.00683412586
0.501109966008 0.635645091589 0.981765655866 1.01382049805 0.998896795787
1.66189859685 0.907369331549 0.899775948179 0.949228895255 0.988798382829
0.494498859546 0.925906001785 0.998931167106 1.00571914981 1.00846309862
1.01133241299 0.802843365879 0.984875238768 1.01527511573 1.01330612765
0.944687025118 0.868369883125 0.917364631249 0.992479375831 1.00468962093
0.164898663927 0.639426550463 0.934418558867 0.988729277824 0.992401658776
0.803339462574 0.670100370849 0.88566756331 0.99656478941 1.00248880866
1.33557213702 0.96743279682 1.04209311378 0.984754805841 0.990778346695
0.403965630533 0.800599596334 1.01062857689 0.973913738878 1.00236829544
0.74866248617 0.919320988877 0.971189217259 1.03067489479 0.99735290652
0.916667976573 1.38198932651 1.04168031375 1.00223949537 0.994904566155
0.870646974394 0.983029835195 0.928594893026 0.973645884761 1.00043894464
0.521091233051 1.25826519244 1.14948387768 1.0440453413 1.01495322164
0.350855374344 1.21688564344 1.08418803102 1.00746891476 1.00308590785
0.450400719673 0.793579895976 0.88792442507 0.970535753501 0.989897367372
1.3586064994 0.931427961219 1.07143086789 1.00795026985 0.99736453475
0.256833958777 1.08548744191 1.02510923561 1.00255691829 0.98142536016
0.797459800235 0.96170852906 0.876047813193 0.985857286765 0.998124261673
0.454657631956 0.789997155095 1.06011494278 1.00483909113 0.991346650952
1.32353814255 0.915392369677 0.942714995319 1.00437757013 1.0009127938
0.582906576839 0.9863071045 1.03407453025 1.00712314851 0.997450871858
0.329475759222 0.871540882983 0.845779154281 1.00495361292 1.00549471294
0.395798903329 1.18365572713 0.94179059641 0.982085730056 1.00171248601
0.954079869208 1.38731667277 0.947616823725 0.990140775863 1.00568347061
0.353788207751 0.687393009042 0.928783011487 1.01947816851 0.997668035053
0.201032075233 0.66774994624 0.985733057055 0.974273084956 0.984633421635
0.653961967976 0.736642813832 0.959334877357 0.975976322579 0.996909713893
0.15976919994 1.11175823504 1.11570897027 1.02007629308 1.00297243449
0.0999149067923 0.471004029288 1.05259974305 0.984042578602 0.990039723514
1.93913832799 1.42117615273 1.15601727533 1.00615901858 1.01091434513
0.909354281082 1.22628085168 0.849224214536 1.00044993303 0.997409836402
0.944250626183 0.822396630346 0.998407045751 0.993467057368 0.996568946504
1.79745170515 1.05309983338 1.00278761519 1.04287936371 1.00810004277
0.840297451998 0.567735185248 0.880264494614 0.995959973903 0.985862588829
0.0481991752949 1.06673089781 0.994853282153 0.993555759247 0.999201484976
2.20553549468 1.16872312731 1.03205690537 0.990156619036 0.994316946806
0.181906846944 0.782267534053 0.913386948206 0.966905831499 0.995975692555
0.546317806452 0.849818908734 1.01553942472 1.01608080277 1.00004211611
0.148278453615 1.20306365526 1.00823440919 0.963293647077 0.993041888954
0.461213515186 1.25302844707 1.0403628515 1.01036362397 0.997879494853
0.749171677262 1.09681950607 0.875531660067 0.987488568147 0.988803308041
0.295246833478 0.823851850665 0.906850774805 0.985628280029 0.999571695178
0.864999309935 1.14113722211 0.946667322953 0.984516714814 1.00465093041
1.37788874118 0.628885563029 0.939509388105 0.991354560949 0.998232788309
0.994102147356 0.783442547622 1.03376675919 1.01008644919 0.999342471488
1.78097372357 1.28314913963 0.955333153026 0.998234145179 1.00278386849
0.173885660466 0.811260241866 1.00080195044 0.971106204348 0.993432517665
1.35792149016 1.03031772436 1.01432940364 1.03375056557 0.98719398507
0.00171229551236 0.501205787988 1.01654542183 0.981098967229 0.996167101792
0.419119055283 1.16023809235 1.18585290483 1.05738710696 1.01213638471
0.00608211677685 0.651306766212 0.991147208777 0.991451922631 0.988956131059
0.893213791613 0.903084507191 0.916868510015 0.931245997959 1.00566919482
2.59080025076 1.07528298951 0.919383879879 0.983160851586 0.998963664829
1.44196598396 0.916156994496 1.06009555997 1.0272740859 1.00775913051
1.209966114 1.38796187061 1.05148275614 0.997948500349 0.999296697649
0.310580772513 1.14078968571 1.04395120934 1.04954107909 1.00384745503
0.607708336651 0.914713078668 1.11229162464 1.01389237313 1.00941883999
1.70928627206 1.05683683471 0.94589014547 0.973635386831 0.991000208936
0.885512857761 0.951230709978 0.993689758983 1.00365561807 0.993986661157
0.395729799497 0.934591302082 0.995421914308 1.00727537293 1.00969711993
1.15792518242 0.766029001179 0.93449061175 1.00324940917 0.997181989871
0.886640063565 1.08811543021 1.05024946426 1.03286265612 0.995323998527
1.96854573372 1.21219586987 1.03143222819 1.00491305406 0.997914026971
1.21861088564 0.94431588296 1.01396061135 1.01054920541 1.00294445702
0.561041812502 0.812615738864 0.957991358991 1.00973672746 1.01631309766
0.25117237402 0.878400477471 1.11224906167 0.980197926111 0.98736687297
1.23984517611 1.14924576843 1.06410913441 1.00688147062 0.999411542404
0.940258763921 0.741869924491 0.91326822516 0.974911716399 0.992200853148
1.7897508452 1.5268515628 1.02858747343 0.99150888695 0.993170028698
1.47135035674 0.783176541448 0.931712057579 0.997156192867 0.983791503808
0.729189068507 0.888517664958 0.876460065156 0.970983556365 0.999247984678
0.277798686107 0.854097550464 1.02437525536 0.970834761798 1.00129180873
1.23642733952 1.17429092504 0.971316218335 1.02680409531 1.01247278591
0.239794303637 0.900422043131 1.06060717034 1.02592666609 0.998711423864
0.374105822768 0.772802433238 0.918459785812 0.98827729403 1.00295808083
0.726359373019 0.972302340611 1.07549903987 0.992751669376 0.991387996264
1.72621446143 0.729109450323 0.893422196732 0.964839247243 0.9877949205
0.642912275097 0.990551975978 0.943635972808 1.00783575832 1.00221051506
0.491343794611 1.02311008821 0.890779695445 0.988928374746 0.992919082677
0.481331171558 0.635400725689 0.886135780965 0.987521354901 0.997327455475
0.918451505339 0.762538929146 1.11284752666 1.0147642073 0.993613202138
0.201174313263 1.07588474703 1.0201858035 1.03064669412 1.00619939861
0.446005151383 1.17388271183 0.975184841958 1.0045089297 0.993689833134
0.787015741759 0.933681398711 1.03501565578 1.02758119658 0.995100664009
0.892945779506 0.95452189727 0.921318375747 1.0154276927 1.00292310411
0.96577316689 0.773109591074 1.09739429267 1.00594347485 0.996449329604
2.84286752374 1.36047239746 1.02415268391 1.03471005389 1.00672243679
1.27609930856 1.03640729963 0.972192917647 1.00833501451 0.995396803664
0.00912076654488 0.683009671312 0.913399695598 0.986859414328 0.991956540786
0.095513293765 0.973897862626 1.05017984219 0.992014453358 1.00917167385
1.32395757766 0.730734742569 0.860877851115 1.03038968034 1.00487038998
0.235824222536 1.14208613827 1.18242921253 0.975069288512 0.996481017983
0.838652811152 0.604243679106 0.936688253048 0.971073145828 0.985089325603
0.692463716295 0.87177008545 1.05330730722 1.02631599468 0.992913020168
1.83336400336 0.897336286552 0.837760846178 0.970960093465 0.999523475128
0.371833727913 0.867446861517 1.13781655329 0.982752249348 0.993403577236
0.16585435847 0.926935294892 0.932672616122 1.01233254559 1.01567397507
1.0843661351 1.29315762805 1.04976043111 0.998918411791 0.996835238679
0.0300070575341 1.07425081226 1.0502180884 1.00489585649 1.0071355725
1.76509901448 0.821526610402 1.03730870101 0.99566461174 1.01082144267
0.364084047336 0.879229732195 0.896920195782 0.995779735813 1.0065957182
0.980661456147 0.803799444348 1.03516942475 1.00543331107 0.99733595226
1.8356043747 1.00783826547 0.950286461202 0.980156901709 0.990813763139
0.325662489083 0.908823023384 1.01876927545 0.986445844301 0.994719676111
0.997370182242 1.25790981375 1.07336595201 1.00041693098 1.00198018753
0.957668949158 0.879231664518 0.995032534404 1.01698239424 0.995860074629
0.253168260296 1.40859286016 1.03677328287 0.973670822393 1.0071427131
0.501490363642 0.950787763923 0.95834365663 0.994649325332 0.992673229247
0.560579453439 0.670508868957 0.928676362518 0.995401369466 1.00093184094
1.11050307441 0.793680592121 1.00065793171 0.961613666805 0.997375649493
0.278950400123 1.09893605206 1.05271948958 1.0301675625 1.00078887225
1.60489585773 1.38438619439 1.11583606733 1.0084192117 1.00145354842
1.07406545092 0.539111977584 0.989222458893 0.997124112127 1.00932457171
0.0370980746196 0.748840307342 1.02485720031 1.01495392629 1.00185824996
0.135019695677 0.894519051699 1.10341372953 1.0228999136 0.996731432601
0.967754677236 1.06541152834 1.14785657159 1.0219368872 1.00171002633
0.591348090666 1.16199911737 1.10351044897 1.0179433967 0.996362195761
1.39531735378 0.845507591797 0.920907139905 1.02006290542 0.994296572462
0.87783924015 0.739573933001 0.943015023377 0.96266449499 0.995747190207
1.43185832586 1.17253394293 0.89403116714 0.98122320084 1.00440696312
0.652174442235 1.11942747909 1.06041176123 1.01743898039 0.997670784828
1.31975176143 0.812880530653 0.968844997431 0.999253861535 1.01249746737
0.804490172496 1.12077443623 1.03623420032 1.04304408754 1.00254659695
1.33083450773 1.12813974496 0.985541726004 1.01143542521 1.00708740036
1.51551835196 1.01947127345 1.00947175049 0.985228559186 1.00433905864
0.802115399199 0.948763200949 1.01869494 1.03464714951 1.00967933687
0.885135013618 1.2218398629 1.00326181914 0.9789718427 0.992024014414
1.80785581425 1.05944333044 1.04559192454 0.990651311637 0.995870214936
1.10897458369 1.49077723588 1.0328505373 0.998159346602 0.997227699763
1.03472298561 0.810732715459 1.05472501941 1.02417609446 1.00435941631
0.304388384839 0.997388170384 1.04227378904 1.01259360089 1.00545178273
0.163449986063 0.849732747134 0.974504774042 1.02540122104 1.00012034675
0.415097111913 1.034627284 0.995061740295 0.964890529387 1.00105727721
1.24807647322 0.77317384991 0.919118404794 1.01031420487 1.00275525064
0.36984410878 1.34859044071 1.08396656956 1.03899590109 1.00667110581
0.63374607792 0.831955740915 0.864882484875 0.971983631654 1.00786942176
0.439517662326 0.950395482578 0.987633982288 1.00079009667 1.00946558727
0.8559878746 0.794034300348 0.904246184235 0.974497767193 0.999313639827
0.58445175373 0.808160799674 0.950420068703 1.00064328811 0.995677169873
0.0155165701822 0.737156032158 1.00919208863 0.960730413005 0.99950229528
0.962331065462 1.21291023415 0.988410915149 0.973535074669 0.997810133277
1.27985271208 0.747519859855 0.972341169333 1.03768876367 1.00968116392
0.44143136053 1.28209111881 0.960542200096 0.981306728034 0.990244943561
0.00281272657501 0.917876472264 1.03818324278 1.02971746609 1.00072400423
0.64160396677 0.955460139522 0.909868054556 0.97201189539 1.00382362753
1.00959824734 1.36567124194 0.938956456096 0.972824696336 1.0013267728
0.577829205598 0.991844419894 1.17550603046 1.02647440598 1.00149339901
0.831028553629 1.01543723244 1.04760633599 1.00230255631 1.00912900629
0.525830226393 0.72507914521 0.882171783474 1.01869764692 0.999487645988
1.16328916139 0.918381501354 0.972428337281 0.97904371263 1.00115569131
0.98590668057 0.798285884368 1.0227331813 1.01593318931 1.00296131119
0.0255372857133 0.803851864129 1.00005110473 1.0115669614 1.0237301604
0.031212012916 0.882608225138 1.05182863427 1.01408258818 0.990659145569
0.00282480114488 0.874861692808 1.00736727861 0.980434120107 1.01610456992
0.305280490222 0.88683526081 0.987797888175 0.983830222813 0.992425370372
0.765341829568 0.962169970713 0.953557578006 0.99116201064 0.993511556437
0.700458038905 0.77553304796 1.00469131657 1.0409064291 1.00418964132
1.48058877023 1.03788138994 0.955180853949 0.970289906434 0.995023676556
0.495362586157 1.13415287666 1.00666689812 1.00251068958 0.999528272299
1.38525095021 0.942345398719 1.04399171038 0.955385027854 0.989943050923
0.243692513752 0.872777895828 0.932289321687 1.01483102788 1.00735186093
1.27201495812 1.0772169617 1.08508209625 1.00487514722 1.01394022664
0.945881161583 0.636861600765 0.956455090764 0.983453790245 1.00209864394
0.901276532642 1.06699411541 1.11919491628 0.990636407716 1.00183242338
0.68235128138 1.16196821215 1.10722496457 1.00268771792 0.995767065649
0.20215999983 0.813188794841 0.908896965923 1.01733527446 1.00670286362
1.2216725151 1.01969248666 1.1238635328 1.02018454568 1.01092488515
0.981444273052 1.17840435819 1.01432423611 1.03245200307 1.00139844366
1.53337699144 1.24290589944 0.969282301598 0.997575414173 0.99123908531
0.254301603021 0.769274791935 1.06691600686 0.990943373575 0.994868140233
1.25911236979 1.04911707135 0.977763328441 0.97328376642 0.996840525876
0.361000173314 0.523922898313 0.999289044871 1.00482050745 1.00512582461
0.308565668332 0.846395653328 0.928188322914 1.02432552384 0.996202310739
0.761128946848 1.15527365761 1.10167862462 1.01160313718 0.998799057974
0.488329672467 0.649708671229 0.880648556216 0.985625794255 1.00040389371
0.845816487367 1.14660799021 1.08348118251 1.016127501 1.00480808185
1.13611150891 0.984966606841 1.01870403553 0.995758832106 1.01110384517
0.997163512791 0.792160119334 0.892265847847 1.01980100473 1.00405271449
0.783741344712 1.00309150293 1.04403258632 1.00517176893 1.00448531202
0.212900389689 1.20827363032 1.05955654901 0.991522804659 1.00515917224
1.65395198955 0.957856852488 0.920637521235 0.96972493083 1.00360836641
1.20294222621 0.827227752012 0.961798223921 0.972111583961 1.00372434657
2.00448177374 1.23427924001 0.999913965637 1.0228288953 1.00390082562
0.307597282085 0.795823859727 0.965444754015 0.997307661507 0.991391078094
0.650389851082 0.999722628373 1.01029403443 0.994025854168 0.989174120283
0.464119914092 0.884521899845 0.954593601048 0.974383319681 0.999387018269
1.11001912334 1.10729197175 1.02958580417 0.990736141714 1.00008604076
0.851863199024 0.749481370562 1.07569104221 0.998541830138 1.00120560666
0.319473892401 1.15505761218 1.02966505819 1.01027580082 0.999821241628
1.20412146153 0.944173526064 0.976269954378 0.980400630467 0.996029733912
0.489764517286 0.977184541197 0.919194698071 0.983524459597 0.999748370875
0.764533516844 1.0814811585 0.922576369726 0.99521717366 0.996422028051
0.323422170129 0.695742031802 1.00954682644 0.972800148202 1.0032479026
0.246729811067 1.51799709709 1.12783060273 1.02159846919 0.989525446815
1.39978729021 0.980622772824 1.19130829664 1.02705845957 1.00196924854
1.63923425005 1.26675955437 0.956867316762 0.988702641494 0.992195494145
0.80322758217 1.01718129075 0.92047049301 0.964244210604 0.987475579643
1.458910864 0.781080919715 1.07509656761 1.00245097272 0.999493431352
0.942233694562 1.00192595879 0.923399710346 1.0312637882 1.00287103311
0.531514957847 1.38676717262 1.07600703787 0.996481747258 1.00519795194
0.304428837375 0.518813559322 0.855512672817 0.97618279335 0.99425846249
1.57213574479 1.22145051108 0.956104009564 1.03734948453 1.01346409461
0.00893404165872 0.83175873047 0.982594915482 1.00063082089 1.00306100476
0.0185164854032 1.14498584928 1.05053981137 1.0276909443 1.00081022142
1.25381737966 1.12473930488 1.00013292401 1.00230860685 0.996884221816
2.63249618911 1.02560902126 1.10973984287 1.03379382317 1.00790467745
1.37121756901 1.08750731184 1.00836472846 1.02682523615 0.996562947124
1.06884762191 0.813016397801 0.954764387129 1.01150477635 1.01109583899
0.327327030244 0.748909696112 0.996738033713 1.04692461318 1.00229536765
1.22846262961 0.866123980733 0.918589897584 0.988849330088 1.00989264269
2.29218485612 1.5021178094 1.06322167156 1.04361079879 1.00231534701
0.874291938843 0.933821680916 0.891330636447 1.01272875897 0.989021816821
0.197704002841 0.759889961629 0.972509522413 0.985621961224 1.00443305822
2.7997969925 1.23459326568 1.02273489538 1.00057529718 0.997862479524
0.329350356767 0.732979619028 0.986960326016 0.978108441902 0.996210959992
0.813252364095 0.675903184816 1.06335462752 0.997188261604 0.993533464154
0.973548089899 1.04548208803 0.94934241821 1.00463011448 0.990675220563
1.25221235066 1.18562847748 1.05068468932 1.01913682297 0.98199786939
1.61526390672 1.08258202771 0.971753213407 1.02143203768 0.998242851339
0.486705444036 0.746105401343 0.97278204618 1.01619681605 1.01066066796
1.34025369461 0.924444234238 1.04880509927 0.981446269425 0.99759793914
0.263588151445 1.11285661032 1.15994214432 1.02219938782 0.998693853924
0.156190526607 0.989821001722 0.980742512618 0.983381894336 0.994059262271
0.397199064518 0.986596207248 0.916672754792 0.956663131924 1.00309794904
0.339610639884 1.08428647378 1.05997730802 1.01633163652 1.00420562013
1.05985674728 1.25306988965 1.0494118627 1.00556920379 0.991120301972
1.61551433405 1.08882652484 1.06552408835 1.02201042454 1.00227096018
1.07411203013 0.962266116742 1.0612451537 1.02106031334 0.994520603558
1.27487713972 1.13160317809 0.983776026627 1.00874431596 1.00575779486
0.000510284609331 1.2882895133 0.983985203293 1.02684111841 0.992586968387
2.21136059561 1.17959846484 0.953932413576 1.01017750429 1.01056253212
0.565592629215 0.702904941818 1.00337178969 1.0128456227 0.996329406504
0.975489259242 0.890709031107 1.10690477906 0.991771405087 1.00590408062
0.539290975425 0.877194601435 1.00021033671 1.00278631254 1.02028983536
0.200827580804 1.02247353303 0.987256084656 0.972838141844 1.0021235013
1.67075854851 1.21317962205 1.07334049743 1.0173155313 0.994272642805
0.618808113718 0.969866965402 1.02279393418 0.995077617126 1.00158584919
0.912117462464 0.576549073338 0.843381168625 0.963120477839 0.995824761586
0.548991162452 1.30895147868 0.95168893754 0.998666741525 0.994092007463
1.05007747677 0.997266354249 1.05183822997 1.03568390559 1.00452748558
2.19741497874 1.00020002353 1.04467773949 0.982376301569 1.00787003342
0.234297004489 1.26247648295 1.00803694823 0.986118177667 0.992427229818
1.54260386704 1.3677954391 1.11402857297 1.02997142418 1.0024887994
0.896506122233 1.09190257924 1.01954047661 1.02573576817 0.990976986384
0.453057729093 1.31454578397 0.993818658879 0.977465470245 0.997914773951
0.471776410735 0.72188160061 1.01796053391 1.00239458841 0.999994119871
0.171744299913 0.708869047122 0.997035471006 0.996206197014 0.991923935515
0.768935905711 0.964263975402 0.933416807741 1.01707282711 0.993111976473
1.41957833434 1.15606098337 1.00270266823 1.02588877826 0.999835522611
1.42488755119 1.30215989247 1.09694357504 1.02577289752 1.01857899556
0.309420427254 0.723670306389 1.10052467444 1.01897911248 0.99559979293
0.470473091318 1.02384019479 1.07852698329 1.03701949599 1.01025701564
2.15262151189 1.29729497916 0.948813079694 0.957222176462 0.99684068409
1.2501891921 1.13012918464 1.0269422101 0.991281995148 0.98945047575
0.21933016575 1.415640088 1.16607824045 1.05053614742 1.01056732688
0.170031194597 0.930406395848 0.89497662422 0.987767457099 1.00030483325
1.66302830952 1.31625873388 1.15290604835 1.03109886069 0.998200441467
1.19000445037 0.89648605079 0.858317383626 0.953195452702 1.00212040791
0.508685699296 1.30092712207 1.03582311579 1.02050323966 1.00631675783
0.254844162765 0.352248156662 1.0457925071 0.958019241497 0.986610376004
0.426569422742 0.46826023783 0.980860219008 1.00695985163 0.99407943675
0.945395084164 1.45948381391 1.10683261974 1.011447317 0.997495030639
0.503936887508 0.832208048095 1.02771298788 1.01690092399 1.01210434296
2.24517522269 1.11504835104 1.01630374293 1.00100570415 1.00358597492
0.0260805392676 0.772231957061 1.02726040219 0.966757447997 1.00743090394
0.177716847623 0.832861901291 0.977808055742 0.983304451797 1.00203706001
0.319605682717 1.10183815075 1.01068793695 1.00793628601 1.00447620081
0.510457845008 1.02362090703 0.998567406051 1.01543308326 0.996286933181
1.46699591396 1.31324872672 0.960021734384 0.999355945898 1.00109916121
1.11335530421 1.02640565064 1.06983551379 1.01581523814 1.01471292338
0.670703965475 0.90142279573 0.869301537795 0.984895106584 1.00030672292
0.839726206949 0.616907422323 0.996755628222 1.01883446688 1.00459859164
0.997450344353 1.05378762374 0.966855602824 0.980780541267 0.986352955982
0.234778280368 0.869733242803 0.987480496774 1.0079022831 1.00626614729
0.828149980198 0.722879934146 0.930152172845 0.988435554946 0.997110750647
0.307012038121 0.874981470746 0.991618819352 1.00520313328 1.00810117449
1.36327755079 1.08421599356 0.987891138745 0.992722327625 1.0035375887
0.107989555132 0.780147391888 0.961285546948 0.97753667765 0.994082717598
0.51270884235 0.930823496305 0.888159312292 0.982303623465 0.997067794666
1.31765375718 1.06948604316 1.03606891871 0.988504939054 0.992365487747
0.0720386277726 0.950003508537 1.01354277844 1.03052174072 0.99445959154
1.25051814797 0.760757088234 0.920988660357 0.987080383915 0.996564268783
0.319819139271 1.4338542603 0.980685104128 1.00150462719 0.991234181027
0.406953265113 0.992646437905 0.973283892804 0.993107952782 0.989565574453
0.0595317343266 0.944380175753 0.942930195068 0.99331534216 0.999345069713
0.0264582712525 0.874286210445 0.995121329963 0.99770283251 1.00932594118
0.0277649689743 0.941607849711 1.00458021377 1.02094627499 0.998115669764
1.32742959405 0.975545133337 0.9939936748 0.998374923954 0.995401181902
0.526553375029 1.23517068513 1.067817529 0.997931584916 1.00717795583
0.222373794938 0.796500150996 1.02179251991 1.03358348777 1.0006776349
0.497641257471 0.637430648374 1.03936081023 0.976694547229 0.987321509841
1.65595051187 1.11441753116 0.938153022225 0.997114303742 1.00127252194
0.698614897988 0.80571527937 0.817508273924 1.00813984971 1.00641852039
0.544781636219 0.857875337756 0.962504845732 0.977161384438 0.994440638753
0.0813637829575 0.901667685994 0.895221711607 0.988499731086 0.98502898573
0.0924071892209 1.0363630279 0.977480440288 1.01708214469 0.983815354208
0.275667080554 0.761430325944 1.02397424866 1.01550002053 1.00862790087
0.270462001323 0.777230208114 0.950697306532 0.960075898901 0.983865482886
0.980104834816 0.64013707896 0.969587151138 1.01066200887 1.00323439388
1.23245968965 1.35807365785 1.16815447032 0.994942793144 1.00749291115
0.344692901924 1.02874527591 1.01354238979 1.00497997895 1.00093310965
0.346100154245 0.852115067299 0.958169019843 0.99914710651 1.00093182932
1.54232942499 1.01237991407 0.964202537654 0.985935450177 0.994951634628
1.01451456874 1.11916067774 0.900830085373 0.960161251843 0.987810575494
1.46063691963 1.07665441775 1.12290811339 1.01941062101 0.989039478481
0.755763373403 1.1057172242 0.962558940946 1.00722200391 1.00536622794
0.11008668179 0.902094299888 0.883646920612 0.99902926425 0.992029296612
1.44626431692 0.88373234599 1.02670602641 0.984265018302 1.01034944035
0.120377460716 0.719636708375 1.04082023897 1.00530549424 1.00192971964
1.59687045727 0.889085281363 1.00244386953 1.01644550388 0.998629882748
0.234018267581 0.71140813776 1.05096662695 0.990430183289 0.99108797893
0.671973820396 0.746477941672 0.94790380222 0.999537203188 1.00418575202
1.67266728857 1.18087283656 1.03095704405 1.02778327829 1.00219786307
1.88364715947 1.25192636575 0.961079693289 0.989504740814 0.989369437219
1.30631140339 1.17157475584 0.976640515296 0.974921269544 0.994658815621
1.34833907351 1.07737039017 0.994903211161 0.987580540444 0.997950410647
0.259384053789 0.955818762693 0.945993465087 1.01539268089 1.00316856808
1.76799598906 1.36083548493 1.10678972525 1.01077018303 1.00842787136
1.49609233507 1.14450437657 1.04670590846 0.986161037648 1.00277566296
0.888364989245 1.03625884721 0.935157580497 1.01070173292 0.993616256561
3.05142731626 1.4029214092 1.01831272149 1.00641276183 0.995567848013
1.32793878961 1.08987832202 0.972779483914 0.96123125029 1.00047919855
1.02248376477 1.39978269875 1.13270133461 1.01050913199 0.997040701952
1.32303383868 0.833432950758 0.940429997805 0.975645359323 0.97743044849
0.307174631045 0.971786938278 0.906387405812 0.975877144427 0.997021122089
0.786053516949 1.00646525727 1.0658365769 1.03336369589 1.00228155978
0.0910415243439 1.0880548309 1.06988178623 1.02095396828 1.00579162449
0.580030134653 0.94454788441 0.908077375264 0.987084265203 0.999439410403
0.719365313315 0.917782032463 0.940547341673 0.994364713603 0.993980444355
1.56724188976 0.707112817944 0.952749804078 1.04949434964 1.00552434352
0.0010709801396 0.553199262487 0.906818228706 0.987667246842 1.0012604405
0.111546792977 0.866278148548 0.963513986262 1.0236763118 1.000085471
0.170826349198 0.882999391611 0.901917418433 0.976773710592 0.990371335359
1.43193771012 1.17918305152 0.976961815575 0.996422508731 0.99537271672
0.384809699821 1.00106518062 1.03925814369 0.997634305246 1.00669644579
0.136104484626 1.26597321926 0.918128033488 1.01446608927 1.0047586554
0.0544060707864 1.05610481183 1.00281312711 0.981121650168 1.00282889575
0.0266934059152 0.628082790958 0.843594285209 1.00929404462 1.00805451409
0.469899827103 0.735999349335 0.958036706062 1.01460709308 1.00056404651
0.321953452468 0.984797302986 0.962534312429 1.0024743846 0.996602273105
0.744763240578 0.786763843255 1.01787097711 0.976267249471 0.997634574092
0.0833929632505 0.714194450898 0.994287371618 1.01017333817 1.0011147466
0.182240647197 0.696561819731 0.977836850295 1.02897246809 1.01288386206
0.152993645683 0.891931041729 1.12992867502 0.984623998865 1.00223124902
0.488287834132 0.862486674718 1.01759097615 1.00654764174 0.997977937718
0.0434393076824 0.932455333989 0.968447886187 1.01314602316 1.01430483811
0.161775259966 1.11135895473 0.954006024672 1.00140580917 0.986413704818
0.0240905451303 1.10283294551 1.01558069864 0.992107194255 0.99910972275
0.145970584106 0.945027180998 1.08466141742 0.993389151942 1.00252747516
1.78074703735 0.768944270428 0.991529963267 0.972880108184 1.0001143746
0.309056486564 0.864316967119 0.996320142475 1.00113791388 1.00721029528
0.895871392628 0.753455022404 0.908904624483 0.964479819601 0.996986295881
2.52330909289 1.19334652634 1.01603034341 0.998839818115 0.992730538516
0.482466276205 0.860272934357 1.02454039614 0.991629789445 0.989550505755
0.00651753237447 0.978980262069 0.938222174336 0.94840666418 0.995669425664
0.681572273179 0.628717068219 1.15184224321 1.03916243012 0.997766434952
0.687102037456 0.94104109592 1.01042106798 0.983510424594 0.988526488524
1.44393630432 0.827910488696 1.0149192113 0.998720821192 1.00783486968
1.16585428664 1.15639448116 1.05642418391 1.03691090786 1.0131751246
0.0808164343123 0.888219032889 0.895445154132 0.999521123535 1.00860126281
0.0610499748625 1.13231683985 1.07559491487 1.04035265395 1.00846508972
3.10796463017 1.23494219131 1.14206411203 0.988303189873 0.995920809177
2.64046792237 1.41802068858 0.936879640696 0.961249555811 0.994177484181
0.667979056609 0.934424862362 1.08258899044 0.982824554638 1.00089375532
0.709605314319 0.890057886069 0.920310177698 1.00819079502 1.00490387081
2.11278724653 0.88362200797 0.924098709236 0.975424961428 0.991306125875
0.981075727317 1.20080871376 0.911712145547 0.951665849054 0.9943678943
1.47126081418 0.698326344378 0.949013153279 0.994704147662 0.996338092836
1.85631318738 0.837946895049 0.982531884106 0.99230092984 0.997973437004
0.132097673101 1.17221813337 0.929632795623 0.95999946098 0.990587527093
0.67394954633 1.01708797306 1.11558895182 0.986192024774 0.993340677587
0.313638346864 0.853862099636 0.955892905191 1.00711410471 0.994024520241
1.8854843643 0.864478438514 0.889926485523 0.967848273483 0.990016435696
1.26648937683 1.46738485595 1.0387280749 1.0382856619 1.01380710581
1.21057039776 0.976006889954 1.0463170842 1.01423021836 1.01047000161
0.0179370712494 1.19577805948 0.958181381717 1.02447128268 0.991593801482
0.0330177285236 0.740204370004 0.927231125615 0.943171357411 0.999271241308
0.726392073271 1.030380909 0.989269755075 0.975013631352 0.992559945137
1.03235296821 0.895302407972 1.0388087972 0.98893441364 1.00168348609
1.51385521409 1.86242393552 1.00857063723 0.99617524807 0.991625927772
0.561252985469 0.850269442821 1.10319262207 1.02942159171 1.00837560211
1.82905572269 1.43070310483 1.1427273716 1.00513165547 0.994902461836
1.4562932184 0.748300190708 1.04039081874 1.00934388874 1.01564670555
1.28780592419 0.873512752724 0.944687159088 0.988080094665 0.998686297571
0.610149004545 0.928750634274 0.978393520057 0.996830851747 0.990585035307
0.214679151663 0.678329512909 1.0223661861 0.995407508542 1.00942168037
0.799156859996 0.771204995102 0.987893206518 1.00838407006 0.99584989217
0.669260315165 0.662656449514 1.00629145816 1.03635660679 1.02371045628
0.918278157878 0.900197974216 0.976689656133 0.98456983389 1.00428097247
0.743353886087 1.0498802838 0.948045715008 1.02718737755 1.00570164778
0.40391816796 0.842385089667 0.993987351199 1.00758278591 0.997402751985
0.98115090498 0.908631390666 1.01407625209 1.00654348305 1.00310814257
0.0538333665336 0.996000892064 0.922413834243 0.978530308834 1.00020837989
1.07275214303 1.07485791147 0.999512145847 1.02866541806 1.00099419948
0.52213545301 1.21096543399 1.0333481334 1.01323494401 0.989931513914
0.657419377216 0.957763014125 1.08933817045 1.01610944141 1.00886355379
0.111795893476 0.889657803928 1.09653068501 1.0327753437 0.99086236647
0.498652010378 1.1998089488 0.938116531622 0.985928741224 0.998423639983
0.956247133405 0.752324862061 0.911894286082 0.994128863642 0.999408625228
0.0743675119946 0.673747528885 0.941378872927 0.971495937909 1.00938172782
0.84563134996 1.39275913284 1.09417644403 1.01177071833 0.999502680656
0.861258508088 0.8091955606 1.0751453356 1.00524006693 0.995763332128
0.0678176657956 0.571569302615 0.969987489474 0.97372483443 1.00679391718
1.27738505416 1.17020442475 1.02257192902 1.01759161587 1.00221341663
0.148447665068 0.978809460481 0.889480454065 0.98909858849 0.994118247439
0.615316021118 0.839037898202 0.946383644981 1.00287652357 1.00037912547
1.07744806463 1.02571744367 1.01116230533 1.01630842312 1.01032787043
1.10988783848 0.850342288688 0.899682132796 0.97318598326 1.00579787904
1.01931365448 0.869340039118 0.9203529351 0.972165367601 0.987482310738
0.485933754141 0.452112673894 0.816427215249 0.988161100367 0.998058006642
0.789985072224 0.906291361231 0.999257252812 0.998213488093 0.997010043517
0.146376613373 1.13649130103 0.935524695015 1.00323231028 0.999981189786
2.63833082059 0.962763536392 1.01648773317 0.991349598477 1.00565750953
1.09199689657 0.748411021708 1.02590107443 0.999154020189 1.01134747504
0.945025799523 1.02087817278 0.902847156385 1.0226735324 1.00325817427
0.238673038169 1.32880880043 0.971298954965 0.992810475008 1.00357782709
1.38152387663 1.11462035605 1.02574523693 1.00984112723 0.997504555608
0.641079568502 0.654471338473 1.10850210181 0.993802204129 0.998031389492
0.611495885129 1.47405389295 0.988626649137 1.00242834363 0.997418217238
1.19099604637 1.00937848091 1.02458952937 0.984382384215 0.985486764643
0.956131600821 0.6590663515 0.921267867893 1.00535338227 1.00115274177
1.26444006231 1.05002625054 0.923012914685 0.976121838098 0.99287892565
1.80095864871 1.13732497364 1.05000994719 1.00316394785 0.995701836121
1.44285717854 1.08521632536 0.930571345655 0.974255623762 0.999097236064
0.539000192076 1.38615344423 1.14391464099 0.983224818719 1.00889684225
0.601742175933 0.898323862663 1.00128773558 1.02138347041 0.992255913051
0.696373326834 1.44280294312 1.06199904441 0.975124600378 0.995876993125
1.19333649786 1.02608836992 0.89833379347 1.00983213497 1.00856127117
1.85551814215 0.897155773372 0.890317512914 0.958223086051 0.988363735147
2.28644354884 1.18652270329 1.06825344302 1.05128955332 1.00709134944
0.217680327777 0.738833621794 1.00871189174 1.00793408084 0.998187318116
0.80194810404 1.06011680748 1.00199942047 0.984421402545 0.99528122778
0.26700702662 1.49515766646 1.00239010642 1.00728784036 0.993126006771
